r 0 step 20 samples 100
363 1735
789 1733
905 1737
941 1686
1386 1716
1506 1712
1596 1715
2090 1710
2182 1766
2284 1698
2905 1695
3106 1733
3320 1725
3333 1717
3845 1753
4660 1747
4671 1756
5281 1739
5475 1703
5820 1728
6302 1748
6574 1750
6904 1736
7425 1770
7565 1741
7689 1739
8069 1713
8100 1725
8441 1705
9690 1729
9717 1756
10400 1740
10622 1740
10704 1764
11465 1789
12503 1737
12876 1717
12939 1757
13340 1748
14685 1713
14816 1714
15101 1717
15395 1745
15955 1732
16579 1800
16735 1788
16778 1764
17313 1761
17962 1744
17967 1762
19345 1762
19705 1728
19836 1778
20153 1753
20471 1767
20559 1729
21844 1784
22258 1771
22267 1732
22532 1768
22549 1751
22809 1701
22846 1695
24503 1739
24790 1761
24841 1768
24847 1750
25001 1701
25084 1751
25139 1740
25262 1716
27073 1719
27201 1734
27285 1725
27317 1725
27695 1741
27713 1804
29006 1779
29564 1743
29570 1746
29801 1712
29822 1737
29824 1706
30801 1677
31538 1724
31622 1737
31801 1756
32237 1722
32304 1732
33158 1731
33318 1683
33906 1727
34095 1690
34236 1734
34257 1759
34526 1752
34703 1693
34738 1737
35541 1720
35898 1740
r 1 step 20 samples 100
565 1738
843 1724
1040 1728
1308 1721
1937 1736
2797 1716
2870 1750
3026 1699
3156 1725
3337 1713
4059 1719
4105 1734
5138 1725
5256 1758
5320 1691
5401 1737
5852 1734
6292 1740
6729 1732
7160 1756
7985 1752
8069 1756
8215 1724
8756 1742
8957 1732
9128 1699
9633 1749
10257 1768
10556 1740
10628 1757
10909 1814
11204 1752
11249 1744
11925 1722
12612 1759
13026 1743
13235 1750
13393 1743
13421 1742
14175 1726
14193 1734
15052 1761
15135 1751
15229 1753
16041 1731
16438 1759
16531 1751
17294 1741
17715 1756
17817 1742
17927 1780
19098 1750
19361 1745
19783 1732
20086 1748
20116 1743
20756 1763
21321 1744
21554 1748
22047 1757
22324 1759
22589 1753
23109 1746
23789 1732
24247 1753
24414 1722
24669 1743
24790 1754
24903 1741
24951 1715
25498 1737
25795 1777
26624 1736
27049 1735
27080 1738
27165 1745
27491 1783
28501 1753
28679 1717
28896 1762
28923 1786
29485 1722
29638 1728
30409 1761
30644 1711
30822 1742
31368 1722
31729 1730
31774 1743
31971 1752
32785 1755
33050 1735
33233 1737
33933 1713
34023 1742
34561 1746
34612 1745
35054 1724
35313 1756
35906 1779
r 2 step 20 samples 100
52 1754
337 1766
350 1786
493 1727
921 1766
1446 1753
1497 1777
2042 1802
2690 1769
2957 1772
3231 1763
3852 1756
4033 1734
4098 1746
5076 1756
5096 1774
5211 1726
5252 1744
5320 1770
5518 1768
6108 1782
6288 1769
7401 1758
7460 1781
7595 1765
7801 1770
8748 1773
8938 1794
9877 1765
9904 1760
10081 1736
10116 1779
10428 1778
11516 1783
11659 1771
12104 1773
12451 1768
12505 1765
12567 1791
13879 1794
14403 1797
14778 1781
14871 1779
14908 1776
14911 1776
15314 1788
16704 1756
16849 1787
17174 1793
17328 1783
17372 1782
17711 1814
17748 1778
19041 1761
19524 1784
19675 1772
19726 1750
20007 1802
20201 1777
20370 1765
20699 1777
20855 1751
21442 1779
21609 1751
21783 1781
21970 1759
22193 1815
22670 1765
22860 1786
23331 1790
23623 1779
24181 1779
24540 1778
25242 1758
25801 1776
26285 1805
26380 1772
26879 1768
26893 1774
27508 1761
28302 1788
28869 1755
29162 1775
29286 1805
29411 1772
30176 1762
30353 1738
31202 1780
31315 1764
31624 1764
31956 1755
32390 1768
32401 1751
32538 1712
33612 1766
33621 1769
34098 1781
34264 1772
34925 1755
35069 1762
r 3 step 20 samples 100
369 1795
828 1815
1037 1811
1309 1797
1929 1849
1989 1818
2515 1812
2985 1802
3436 1826
3486 1813
4149 1787
4612 1797
4889 1797
5304 1807
5397 1811
6133 1822
6309 1806
6341 1808
6684 1784
7229 1804
7497 1803
7941 1808
8151 1814
8594 1808
9052 1805
9372 1800
9528 1754
9763 1796
10339 1818
10569 1796
10882 1798
11279 1806
11723 1810
12037 1806
12195 1769
12532 1807
12894 1791
12937 1780
13703 1792
13716 1795
14535 1797
14591 1794
15124 1794
15523 1801
16083 1795
16333 1792
17256 1785
17270 1809
17741 1818
17827 1798
18016 1760
18401 1822
18776 1823
19770 1802
19876 1784
20121 1805
20669 1791
21156 1813
21649 1793
22334 1797
22425 1795
22904 1798
23027 1825
23052 1749
23957 1816
24603 1792
24653 1801
25013 1794
25450 1812
25774 1822
26805 1826
26947 1801
27320 1799
27357 1854
27744 1784
28446 1795
28623 1752
28659 1797
29652 1806
29776 1821
29820 1782
29986 1751
30494 1797
30573 1766
30859 1817
31504 1798
32074 1818
32315 1812
32504 1787
32507 1787
32803 1794
32990 1794
33085 1802
33766 1793
34088 1806
34665 1794
34978 1785
35485 1798
35874 1765
35990 1804
r 4 step 20 samples 100
329 1807
806 1834
879 1806
1046 1807
1323 1817
1601 1842
1852 1874
2281 1828
2600 1847
2782 1876
3507 1811
4080 1807
4601 1817
4721 1872
4782 1787
4847 1801
5421 1841
6113 1830
6886 1853
6921 1816
7226 1862
7684 1790
8075 1829
8375 1855
9174 1840
9796 1814
9947 1848
10320 1809
10583 1846
11354 1799
11526 1766
12052 1787
12305 1822
12579 1838
12740 1853
13103 1846
13451 1882
14213 1877
15144 1817
15541 1800
15747 1779
16030 1838
16121 1813
16201 1812
16748 1794
16845 1897
16906 1780
17499 1803
17591 1873
17655 1795
17718 1812
18395 1822
18685 1872
18735 1861
19994 1794
20351 1832
20476 1827
20488 1828
20984 1841
21172 1858
21652 1812
21899 1884
22686 1845
23367 1866
23470 1776
23564 1827
24032 1840
24341 1800
24980 1784
25371 1838
25555 1783
25605 1892
26243 1825
26526 1805
26707 1783
26739 1879
26951 1813
27616 1819
27868 1868
28642 1866
28840 1768
29448 1822
29699 1854
30286 1815
30420 1794
30846 1869
31003 1801
31546 1810
32304 1818
32356 1785
32553 1859
32724 1843
33414 1847
33436 1902
34245 1810
34388 1865
34926 1848
35756 1787
35901 1799
35904 1799
r 5 step 20 samples 100
6 1854
396 1871
559 1917
592 1821
1169 1858
1816 1854
1949 1826
2512 1879
2733 1896
2936 1875
3468 1860
4297 1888
4401 1847
4980 1863
5380 1839
5435 1899
6515 1868
6519 1868
6794 1921
7079 1860
7191 1914
7772 1884
8131 1854
8289 1851
8865 1856
9251 1917
10138 1860
10164 1863
10332 1798
10333 1877
10385 1914
10542 1869
10929 1864
11009 1921
12397 1812
12414 1890
12744 1855
13109 1855
13164 1892
13476 1868
13851 1851
14545 1894
15424 1838
15808 1836
15811 1836
15960 1829
16065 1831
16688 1841
17039 1834
17584 1825
17984 1843
18062 1854
18334 1862
18449 1871
18514 1814
19007 1872
19044 1839
20175 1817
20531 1899
20703 1862
20707 1859
21012 1828
21303 1823
21803 1851
22913 1833
22946 1831
23233 1851
23372 1833
23401 1851
23917 1835
24654 1818
24876 1892
25273 1869
25556 1896
26150 1841
26413 1868
27355 1850
27509 1809
27535 1907
27692 1840
28147 1821
28245 1879
28292 1890
29121 1848
29488 1892
30429 1860
30602 1865
31148 1836
31869 1889
32030 1837
32442 1839
33601 1837
33675 1857
33736 1848
33779 1816
33856 1848
34052 1881
34630 1938
35035 1842
35601 1908
r 6 step 20 samples 100
401 1935
519 1926
1091 1945
1132 1894
1223 1948
2181 1885
2333 1871
2722 1903
2774 1869
3439 1867
3759 1955
3928 1893
4128 1883
4131 1877
4235 1919
4678 1913
4819 1926
5831 1925
6380 1948
6424 1946
6435 1879
6903 1943
6937 1906
7357 1957
8720 1911
8757 1870
8808 1936
9538 1951
9752 1907
9917 1883
10119 1859
10190 1904
11084 1903
11103 1905
11270 1886
11415 1934
11957 1899
12018 1937
13027 1933
13556 1895
13898 1884
14472 1916
14929 1912
14932 1908
15722 1919
16293 1959
16634 1879
17170 1926
17696 1905
17705 1948
18795 1851
19304 1867
19467 1879
20518 1877
21117 1874
21121 1835
21386 1864
22036 1871
22253 1860
23183 1910
23353 1862
23446 1878
23652 1856
23934 1872
24433 1939
24574 1894
25209 1895
25537 1922
25557 1918
25732 1880
26850 1882
27012 1906
27067 1866
27680 1927
27752 1909
27831 1873
28500 1902
29127 1893
29219 1885
29410 1833
29911 1878
29952 1865
30386 1931
30556 1895
30709 1858
31447 1935
31474 1910
31574 1861
32184 1901
32301 1936
32763 1902
33211 1906
33787 1938
34175 1887
34402 1882
34832 1929
34903 1943
34907 1906
35034 1870
35821 1915
r 7 step 20 samples 100
347 1969
887 1923
1454 1944
1513 1948
2060 1964
2366 1945
3224 1917
3276 1951
4088 1952
4258 1933
4718 1947
5593 1930
5811 1948
6045 1963
6577 1957
6626 1955
7382 1957
7596 1905
7601 1941
8560 1936
8564 1956
9015 1961
9338 1957
9678 1950
10098 1993
11074 1946
11215 1918
11354 1927
11963 1905
12036 1941
12401 1943
12976 1922
13573 1933
13755 1943
14079 1939
14233 1888
14896 1923
15291 1888
15619 1925
16233 1915
16431 1895
16479 1902
16492 1908
16625 1892
16831 1938
17076 1873
17541 1941
17702 1899
18073 1904
18505 1892
18860 1933
19164 1909
19256 1890
19288 1952
19519 1911
20388 1893
20601 1906
20683 1910
20795 1931
20938 1893
20983 1888
21480 1903
21810 1933
21994 1874
22291 1925
22478 1867
23031 1935
23350 1883
23444 1878
24128 1911
24373 1860
24562 1905
24786 1915
25869 1919
26006 1897
26193 1853
26606 1926
26656 1912
26731 1904
27320 1949
28163 1940
28592 1926
28759 1939
29191 1920
29424 1937
30169 1891
31077 1926
31129 1907
31237 1913
31308 1849
32025 1916
32577 1910
32949 1957
33090 1912
33601 1932
33862 1937
34906 1916
34991 1959
35429 1954
35517 1974
r 8 step 20 samples 100
1237 1969
1448 1937
2080 2000
2212 1976
2397 1991
2404 1985
2501 1968
3968 1992
4343 1950
4752 1972
4793 1999
4947 1990
5039 1951
5436 1966
6813 1995
7004 1937
7551 1980
7633 1985
7660 1955
7789 1927
7910 1952
8369 1947
9253 1963
9855 1942
10008 1980
10197 1984
10323 1986
10437 1961
10603 1907
11002 1954
11824 1988
12161 1962
12434 1978
12751 1967
13036 1974
13258 1926
13546 1946
14374 1971
14643 1991
15018 1974
15154 1978
15465 1967
15953 1935
16354 1940
17458 1926
17543 1911
17979 1923
18030 1897
18186 1859
18336 1946
19074 1945
19093 1905
19790 1940
20074 1953
20523 1917
20687 1860
21024 1916
21207 1914
21510 1944
21833 1949
22251 1979
22373 1936
22488 1920
22870 1943
23404 1947
23982 1930
24428 1901
24482 1942
24721 1962
25503 1952
25703 1906
26189 1936
26604 1947
27031 1995
27036 1931
27075 1960
27738 1920
27787 1946
28941 1942
29133 1960
29603 1961
29794 1950
30354 1972
30373 1950
30604 1933
31710 1981
31843 1943
32325 1979
32535 1964
32870 1989
32912 1971
33171 1976
34387 1989
34434 1970
35091 1993
35435 1980
35601 1982
35616 1968
35786 1948
35991 1908
r 9 step 20 samples 100
926 1992
1173 2002
1321 2005
1936 2043
1985 1999
1995 2014
2093 1979
2933 2015
3066 2008
3598 2041
3972 2020
4142 1971
4387 1996
4434 2051
4460 2028
4574 1983
4649 2020
6507 2026
6556 2000
6751 2031
6806 1960
7094 2032
7269 2018
7417 2014
7772 1985
9064 2023
9370 1972
9394 2020
9919 2022
10177 1976
10225 2010
11827 2021
11876 1987
12315 1959
12683 1991
12961 2006
13005 1952
14377 1994
14507 2001
14695 1944
14979 1955
15456 1964
15645 1989
15801 1958
16940 1988
16978 1999
17311 1975
18119 1958
18612 1934
18643 1962
18764 1909
18812 1907
19342 1960
19702 1958
19841 1936
20608 1993
20611 1993
20676 1974
21325 1933
21551 1924
22236 1973
22853 1920
23140 1956
23170 1988
23214 1959
24082 1954
24844 1983
25183 1954
25351 1974
25914 1984
25942 1960
26774 1956
26776 2028
27304 1976
27489 1959
27550 1995
28657 1998
29251 1962
29304 1964
29488 1981
29749 1956
30082 1996
30131 1996
30167 1989
30307 1971
31581 1972
31961 2036
32233 2002
32324 1991
32629 2028
32761 2015
33151 1964
34173 2020
34823 1999
34877 2019
34943 1983
35288 2008
35417 1999
35741 1962
35913 1937
r 10 step 20 samples 100
267 2023
1243 2071
1291 2047
1409 2042
2190 2025
2789 2012
2980 2059
3945 2083
3962 2043
4058 2073
5133 2032
5510 2037
5652 2040
6694 2055
6954 2017
7418 2031
7489 2038
8334 2054
8428 2019
8503 1997
9533 2034
9584 2059
9755 2041
10145 2066
10152 2042
10694 2044
10909 2032
12514 2012
12523 2000
12618 1996
12673 2037
12767 1954
12805 1962
12852 2003
13103 2039
13809 2013
14837 2007
15052 2012
15201 1972
15554 1994
15702 2001
15714 2010
16638 1987
17534 2025
17560 2029
17851 1978
18051 1954
18116 1963
18138 2016
18353 1985
18428 2002
19634 1966
20114 1985
20201 1993
20511 1947
20672 2012
21089 1968
21401 1976
21615 1919
22231 1963
22720 2006
22835 1983
22895 1966
23328 2001
23801 1998
23835 2019
24979 1984
25153 1916
25193 2024
25209 2000
25545 1963
25906 1998
26601 1988
26966 1950
27141 1899
27377 2009
27544 2013
28101 1963
28179 1996
28875 1973
29076 1941
29526 2018
29615 1982
29756 2023
30386 1970
30524 1944
30725 2021
30851 1990
32261 2023
32302 2039
32748 2029
32763 1989
33525 2016
33564 1994
33718 1961
34638 2057
34729 2064
34795 2011
35377 2054
35862 2051
r 11 step 20 samples 100
112 2078
763 2076
1046 2099
1052 2088
1713 2068
2308 2060
2556 2064
2926 2052
3740 2062
3864 2085
3907 2011
4303 2030
4469 2015
4677 2047
5191 2094
5544 2061
5715 2091
6126 2112
6334 2099
6733 2071
7323 2062
7812 2071
7893 2090
8052 2027
8340 2081
9007 2094
9160 2030
9251 2016
9425 2100
9962 2033
10455 2073
10485 2085
10652 2015
10677 2015
10972 2079
11567 2056
11807 2041
11924 2046
12464 2021
13122 2031
13499 2053
14116 2070
14531 2069
15125 2023
15248 2023
15777 2029
16372 2010
17007 1970
17149 2028
17837 2021
18098 1963
18121 2048
18172 2032
19072 2032
19513 2021
19685 1973
20192 1994
20375 2001
20970 2019
21119 1940
21155 1940
21554 1997
21801 2018
22026 2032
22632 2029
23207 1980
23707 2000
24067 2051
24629 1998
25245 1993
25433 1975
25531 1970
25675 2025
26489 2033
26586 1995
26701 1970
27216 1989
27483 2004
27979 2027
28441 2017
29125 2025
29252 2031
29423 2048
30232 2028
30881 2021
31085 2042
31713 2080
31773 2065
31952 2048
32457 2101
32959 2065
33574 2050
33877 2072
34332 2115
34416 2095
34528 2055
34570 2035
34825 2070
35392 2071
35674 2068
r 12 step 20 samples 100
35 2108
337 2088
508 2051
1082 2106
2016 2132
2029 2079
2080 2111
2299 2125
2649 2112
2678 2102
4146 2125
4170 2081
5031 2118
5151 2068
5263 2142
5404 2094
5428 2089
6555 2114
6838 2134
7476 2129
7563 2117
7706 2146
8003 2113
9476 2083
9787 2059
10274 2085
10364 2124
10505 2052
10831 2052
12256 2067
12303 2083
12871 2069
12992 2081
13285 2097
13337 2045
14154 2091
14891 2061
15018 2059
15386 2088
15496 2085
15881 2054
16195 2016
17023 2023
17209 2057
18119 2023
18170 2027
18372 2033
18728 2027
18756 2030
19847 2047
19898 1987
20601 2036
21046 2032
21324 2020
21484 2034
21587 2020
22369 2016
22390 2027
22406 2016
23386 2043
23450 2016
23587 2047
23884 2036
24314 2021
24467 2019
25000 2031
25053 2061
25223 1999
26141 2033
26288 2052
26609 2062
26851 1996
27169 2027
27230 2047
27685 2058
27851 2010
29276 2029
29297 2058
29320 2040
29414 2002
30040 2065
30051 2036
30354 2043
30575 2049
31614 2081
31898 2071
32259 2073
32439 2013
32589 2082
33016 2101
33053 2069
33354 2092
33959 2125
34227 2105
34540 2108
34849 2104
35560 2080
35586 2100
35722 2030
35791 2083
r 13 step 20 samples 100
601 2170
754 2146
1121 2147
1623 2137
2428 2132
3624 2128
3661 2128
3851 2086
4179 2179
4222 2112
4388 2073
4851 2158
5018 2167
5932 2146
6487 2120
6637 2171
6718 2170
7527 2140
7719 2101
7902 2107
8545 2147
9119 2117
9692 2122
9881 2066
9933 2097
10036 2109
10090 2082
10094 2082
10387 2133
11712 2114
12023 2098
12119 2148
12860 2090
13334 2080
14099 2092
14220 2098
14287 2085
15306 2038
15534 2083
15851 2061
16184 2058
17107 2050
17413 2088
18147 2072
18253 2054
18255 2091
18279 2091
18310 2087
18324 2087
18538 2063
18701 2001
19257 2086
20090 2101
20106 2101
20263 2043
20286 2055
20756 2041
20871 2077
22130 2054
22356 2064
22374 2064
22525 2047
22529 2047
22555 2047
22784 2077
23431 2067
23477 2053
23489 2053
23609 2073
23611 2011
23638 2012
24344 2052
24698 2058
25834 2034
25866 2086
26385 2070
26431 2050
26585 2060
26618 2060
27449 2085
27621 2011
28252 2076
28509 2083
28587 2079
28778 2060
29277 2078
29990 2081
30233 2087
31356 2111
31439 2110
31531 2054
31612 2123
31640 2082
32778 2103
33454 2090
33909 2115
34246 2146
34271 2126
35450 2116
35571 2129
r 14 step 20 samples 100
1 2131
424 2189
1462 2209
1560 2186
1664 2134
1930 2164
2528 2185
3057 2147
3079 2192
3235 2129
4111 2205
4551 2187
4619 2165
5174 2181
5446 2168
5789 2180
7003 2160
7099 2185
7143 2197
7633 2215
7831 2178
8983 2149
9837 2175
9838 2147
9854 2154
10197 2176
10508 2184
10704 2140
11288 2146
11897 2145
12633 2135
12729 2113
12954 2102
13117 2145
13268 2109
13714 2149
14703 2089
14991 2111
15489 2103
15539 2111
15553 2126
16001 2111
16201 2136
17344 2071
17607 2128
18019 2148
18067 2111
18129 2114
18179 2097
18433 2058
18870 2079
19117 2069
19784 2100
19850 2086
19874 2086
19895 2062
19948 2045
20154 2093
20555 2115
20857 2086
20901 2067
20962 2043
22048 2043
22442 2063
23103 2063
23287 2025
23541 2111
23584 2099
23606 2056
23642 2089
23779 2031
23786 2010
24274 2085
25080 2079
25166 2050
25192 2103
25912 2106
26429 2051
26689 2061
26887 2131
27756 2082
27793 2139
28482 2162
28971 2133
29220 2131
29554 2120
30388 2115
30456 2153
31484 2091
31713 2152
31931 2145
32503 2121
32686 2089
33092 2133
33376 2132
34128 2173
34807 2143
34820 2137
34892 2183
35864 2184
r 15 step 20 samples 100
373 2217
1489 2214
1719 2229
2269 2192
2456 2198
2879 2182
3410 2213
4367 2212
4736 2170
4920 2215
5127 2174
5163 2208
5391 2216
6268 2214
7154 2205
7265 2210
7536 2179
7753 2231
7953 2196
9428 2169
9668 2222
9805 2184
9894 2195
9898 2195
10703 2131
11133 2155
11784 2181
12333 2199
12566 2173
12818 2193
12846 2142
13053 2141
13116 2163
14328 2186
14444 2164
15074 2124
15366 2141
15475 2190
15805 2164
16053 2091
16898 2139
17093 2128
18001 2120
18068 2114
18432 2121
18694 2073
19208 2138
20004 2098
20353 2121
20401 2108
20561 2120
21341 2085
21392 2074
21608 2141
22337 2116
22382 2119
22414 2134
22595 2089
22853 2102
23287 2123
23902 2099
23959 2119
24336 2131
24626 2113
24732 2137
24817 2114
24860 2113
24889 2101
24902 2101
25047 2081
25870 2112
26337 2134
26430 2129
26643 2110
26830 2167
27147 2153
27263 2137
28381 2158
28700 2163
28801 2162
28854 2156
29239 2142
29355 2188
30119 2125
30322 2115
30324 2077
30783 2167
30791 2185
31767 2179
31853 2141
32251 2167
32503 2197
32773 2176
33105 2208
33651 2155
34502 2181
35219 2168
35467 2181
35485 2211
35555 2239
r 16 step 20 samples 100
636 2182
834 2164
903 2216
1201 2186
1274 2208
1353 2256
1382 2244
2019 2221
2468 2256
3428 2261
3587 2249
3605 2241
3826 2198
4123 2251
4704 2228
5007 2276
6028 2269
6124 2288
6194 2245
6201 2242
6315 2231
6354 2239
6815 2269
7416 2267
7444 2250
8327 2232
8696 2247
9142 2204
9203 2164
9955 2187
10240 2194
10312 2227
10851 2208
11824 2179
12129 2177
12706 2184
12867 2227
13121 2194
13303 2189
14124 2167
14678 2170
15718 2155
15737 2180
15820 2149
16113 2135
16871 2157
17046 2089
17278 2147
18114 2148
18506 2145
18601 2148
18727 2124
19303 2142
19699 2148
20688 2131
20748 2118
20784 2103
21140 2138
21268 2118
21554 2111
22260 2109
22321 2142
22446 2109
22535 2078
23229 2143
23604 2146
23917 2130
24436 2095
24623 2148
24636 2140
26130 2112
26528 2100
26582 2145
26719 2066
26748 2096
26751 2096
26847 2157
27203 2154
27225 2186
28415 2166
28554 2180
28825 2178
29545 2175
29900 2204
30018 2145
30924 2214
31039 2218
31103 2194
31466 2215
31651 2147
32458 2170
32940 2173
33068 2174
33445 2264
33751 2209
34090 2235
34325 2202
34975 2224
35071 2224
35080 2245
r 17 step 20 samples 100
557 2254
666 2262
804 2247
829 2237
1078 2286
1156 2279
1327 2259
1784 2308
3139 2310
3178 2277
3427 2276
3920 2260
4197 2276
4684 2235
5389 2283
6103 2262
6273 2200
6541 2294
6592 2248
6970 2255
7467 2314
7778 2255
7984 2227
8681 2277
8862 2248
9451 2238
10148 2242
10302 2241
10437 2198
11113 2249
11549 2289
11753 2202
12038 2234
12561 2233
13058 2205
13148 2245
13422 2247
14151 2205
14976 2211
15051 2155
15376 2213
15736 2195
15924 2137
16201 2139
16259 2176
17229 2128
17381 2185
17888 2135
18043 2196
18613 2142
19092 2147
19275 2138
19401 2167
20013 2183
20223 2111
20250 2160
20959 2162
21001 2114
21045 2168
21922 2147
22082 2122
22177 2123
22253 2127
22576 2154
22725 2211
23504 2167
23753 2164
23851 2119
23953 2100
23954 2168
24962 2141
25525 2141
25566 2125
26290 2180
26305 2162
26441 2170
26518 2133
27522 2170
28041 2166
28201 2158
28702 2192
28729 2186
29176 2157
29482 2190
30123 2200
30649 2225
30743 2216
31052 2207
31547 2202
31987 2228
33038 2187
33137 2252
33304 2238
33445 2215
33574 2220
34308 2256
34609 2268
34999 2215
35107 2260
35156 2237
r 18 step 20 samples 100
721 2277
841 2301
903 2309
1025 2293
1211 2350
1580 2290
1733 2254
1801 2312
2501 2289
2879 2295
3086 2278
4348 2286
4431 2264
4484 2326
5093 2297
5251 2312
5415 2281
5852 2280
6354 2354
7167 2287
7203 2291
7459 2312
7536 2350
8755 2250
9229 2271
9232 2271
9562 2267
10030 2259
10327 2228
10944 2233
11435 2233
12196 2247
12364 2228
12443 2257
12648 2264
12801 2234
14080 2216
14537 2230
14570 2215
15211 2220
15241 2269
15554 2196
16320 2223
16808 2236
17370 2171
17776 2189
18028 2199
18046 2169
19134 2208
19173 2182
19252 2132
19669 2139
19896 2184
20303 2191
20840 2144
20857 2144
21529 2218
21708 2167
21793 2179
22360 2155
22721 2209
22989 2149
23113 2127
23155 2179
24407 2221
24732 2148
24842 2127
24953 2160
25190 2169
25751 2154
25761 2192
27001 2206
27063 2256
27585 2227
27767 2195
28005 2199
28443 2183
29707 2240
30104 2280
30327 2284
30458 2190
30589 2286
30663 2262
30834 2185
31056 2239
32180 2281
32353 2228
32363 2228
32458 2262
32762 2232
33301 2253
33556 2258
33631 2266
33735 2244
34370 2282
34423 2283
34864 2306
35397 2295
35957 2321
36123 2272
r 19 step 20 samples 100
1576 2334
1768 2280
2154 2315
2199 2384
2270 2315
2354 2346
2372 2346
3690 2310
4266 2329
4393 2299
4836 2332
4967 2311
5136 2403
5854 2369
6495 2347
6665 2313
6675 2313
6904 2321
7106 2349
7155 2297
8819 2359
9050 2349
9269 2295
9657 2332
9756 2282
10023 2278
11640 2287
11849 2278
11939 2298
12047 2219
12162 2307
12576 2325
12664 2260
13705 2298
14231 2271
14478 2299
15039 2225
15159 2264
16076 2261
16688 2213
17177 2205
17282 2154
17289 2217
17306 2154
17311 2154
17361 2133
17386 2133
17439 2223
17601 2212
18725 2316
18851 2298
18934 2259
19010 2243
19383 2184
19702 2233
19801 2164
20423 2179
20457 2179
20462 2191
20486 2161
20532 2148
21787 2170
21941 2244
21986 2206
22030 2213
22437 2185
22446 2185
22801 2201
24735 2186
24739 2241
24769 2234
24850 2151
24907 2153
25302 2174
25539 2226
25737 2150
25750 2150
26964 2251
27130 2226
27283 2259
28071 2235
28354 2266
29451 2313
29825 2324
30155 2200
30348 2204
31253 2226
31443 2243
31922 2269
31948 2314
32465 2235
32783 2253
33218 2290
34568 2392
34743 2377
34807 2338
35001 2297
35747 2305
35749 2366
35911 2306
r 20 step 20 samples 100
681 2371
844 2352
1607 2367
1629 2444
2619 2390
2658 2405
3025 2316
3193 2399
3950 2395
4824 2287
5076 2432
5382 2367
5765 2370
5953 2401
6554 2399
7157 2374
7963 2375
8018 2358
8230 2368
8536 2384
8940 2347
9726 2386
10389 2341
10616 2349
10879 2273
11309 2294
12401 2330
12950 2307
12981 2300
13208 2310
13384 2310
13485 2298
15246 2312
15269 2308
15304 2247
15500 2303
15585 2277
16175 2280
16196 2298
16405 2240
16617 2250
18177 2239
18231 2248
18432 2194
18498 2271
18867 2214
19037 2184
20448 2258
20766 2258
21007 2225
21231 2273
21416 2205
21608 2238
22695 2248
22929 2227
23153 2238
24017 2220
24036 2274
24158 2225
25240 2242
25287 2284
25990 2272
26066 2227
26808 2232
27231 2216
27430 2233
27451 2281
27493 2237
27512 2237
27675 2309
27733 2240
28047 2304
28728 2270
28753 2275
28958 2267
29573 2270
30026 2322
30496 2296
30509 2323
30654 2296
30658 2258
30673 2265
30710 2265
30726 2265
30732 2265
30760 2270
31601 2276
32165 2328
32247 2293
32347 2318
32704 2308
33157 2276
33332 2364
33371 2296
33539 2275
34602 2366
34918 2418
35205 2369
35232 2345
36159 2377
r 21 step 20 samples 100
279 2333
1001 2393
1020 2430
1215 2388
1601 2388
1992 2404
2291 2384
2570 2358
2981 2429
3899 2448
4692 2377
4734 2419
4961 2478
5115 2460
5201 2388
5390 2424
5657 2436
6970 2385
7005 2364
7493 2411
7776 2389
7907 2384
7939 2420
7951 2305
8409 2364
10030 2373
10096 2341
10256 2384
10452 2300
10757 2365
10862 2297
11195 2323
12288 2326
12379 2316
12984 2326
13230 2374
13458 2311
13462 2313
13635 2308
14072 2326
14721 2338
15578 2337
15992 2292
16011 2312
16051 2300
16102 2303
17149 2332
17953 2265
18387 2265
18644 2216
18930 2275
18986 2232
19188 2200
19651 2231
20177 2288
20674 2251
20762 2287
20944 2253
21005 2284
21773 2241
21834 2275
21838 2275
22562 2246
23189 2279
23425 2291
23773 2242
23922 2286
24553 2248
25155 2291
25317 2234
25321 2234
25796 2294
25818 2289
26288 2247
26305 2309
27088 2277
27818 2301
28409 2316
28498 2293
28556 2302
29105 2282
29497 2328
30182 2335
30651 2355
31025 2288
31481 2345
31930 2336
32441 2317
32484 2387
32607 2264
32660 2380
32968 2368
33022 2454
33067 2421
34294 2365
34608 2463
34733 2371
34767 2391
35590 2447
35763 2393
r 22 step 20 samples 100
249 2444
384 2423
438 2401
994 2393
1293 2451
1884 2432
2026 2429
2818 2476
3038 2494
3071 2455
3597 2437
4034 2457
4641 2456
4732 2456
4846 2407
5746 2439
6132 2416
6159 2451
7015 2444
7090 2411
7127 2425
7601 2437
8479 2423
8772 2414
9001 2406
9883 2391
10176 2373
10680 2392
10967 2356
11374 2400
11491 2390
11522 2352
12340 2386
12754 2362
13272 2347
13628 2358
13925 2318
13973 2350
14483 2316
14980 2348
15118 2339
15672 2359
15855 2306
15938 2341
16101 2309
16120 2309
16191 2351
16219 2321
16699 2323
16856 2330
17735 2308
17852 2319
17904 2244
17968 2305
18226 2335
19504 2240
19711 2235
19756 2275
19948 2290
20187 2318
20925 2284
21284 2325
21451 2245
21866 2283
22165 2283
23174 2257
23279 2298
23484 2292
23882 2296
24263 2289
24838 2309
25089 2286
25758 2281
25898 2350
26133 2313
26354 2270
27051 2293
27326 2321
27467 2311
28350 2338
28459 2382
28737 2350
29002 2300
30044 2351
30155 2324
30954 2357
30993 2376
31535 2362
31762 2331
32106 2379
32340 2380
32413 2386
32451 2414
32703 2376
33580 2438
33989 2362
34323 2384
34796 2381
35283 2431
35445 2375
r 23 step 20 samples 100
544 2516
782 2498
1899 2446
2055 2465
2112 2475
2201 2444
2313 2512
3216 2501
4044 2465
4371 2497
5036 2431
5182 2441
5403 2504
6402 2425
6455 2496
6589 2480
6631 2474
7070 2502
7592 2458
8156 2436
8877 2485
9167 2440
9399 2414
9900 2431
10464 2401
10531 2424
11897 2387
12169 2367
12203 2415
12372 2309
12398 2309
12404 2309
12468 2382
12743 2376
13145 2393
13150 2393
14153 2384
14386 2356
14743 2371
14755 2397
14981 2313
15430 2360
16509 2346
17104 2327
17277 2276
17344 2353
17527 2345
17674 2337
17874 2284
18670 2328
19363 2331
19532 2372
19820 2345
20023 2322
20551 2284
21056 2351
21240 2298
22350 2259
22589 2232
22752 2287
22882 2281
22921 2219
22925 2219
23155 2291
23188 2330
23369 2273
23741 2352
24601 2335
25177 2343
25198 2322
25286 2308
26353 2303
27356 2364
27546 2362
27588 2310
27717 2333
27721 2333
27918 2385
27962 2351
28106 2339
28791 2382
29952 2413
30245 2353
30560 2335
30630 2374
30703 2394
32167 2418
32339 2385
33020 2409
33184 2364
33537 2418
33555 2402
34143 2415
34337 2425
35066 2452
35270 2385
35358 2450
35846 2442
35900 2441
35922 2435
r 24 step 20 samples 100
381 2426
924 2470
1080 2497
2177 2467
2372 2535
2744 2496
3059 2443
3521 2513
4063 2511
4334 2527
4531 2461
5043 2486
5120 2535
6130 2495
6159 2472
6937 2512
6988 2488
7934 2459
8401 2437
8618 2503
9006 2425
9121 2507
10281 2424
10335 2444
10676 2428
10916 2404
11378 2438
11900 2386
12403 2393
12621 2441
12758 2422
12976 2405
13373 2405
14198 2365
14739 2405
14881 2385
14945 2341
14958 2341
15028 2397
15401 2423
15746 2384
16448 2360
16575 2344
16681 2385
17173 2367
17218 2368
17269 2367
17430 2363
17684 2369
18791 2308
18793 2342
18855 2342
19178 2344
19293 2319
19615 2399
20097 2318
20425 2324
21095 2341
21201 2342
21429 2300
21660 2334
22494 2350
23090 2339
23480 2319
23701 2358
23888 2327
24801 2312
25406 2319
25507 2364
25590 2269
25813 2363
26001 2288
26486 2327
26548 2303
26879 2357
27377 2388
28298 2426
28429 2329
29150 2353
29303 2303
29303 2377
29306 2303
29389 2298
29427 2418
29572 2367
30025 2456
30403 2435
31373 2447
31856 2445
31895 2409
32214 2408
33051 2503
33103 2386
34560 2464
34761 2437
34761 2529
34939 2443
34959 2443
35589 2499
35755 2466
r 25 step 20 samples 100
480 2548
862 2519
868 2575
1587 2584
2328 2554
2539 2537
2613 2570
3382 2482
3782 2538
4305 2508
4594 2501
4712 2454
6001 2508
6507 2526
6656 2504
6740 2566
6891 2525
7041 2513
7278 2463
8251 2524
9375 2525
9495 2491
9651 2455
9771 2479
10270 2479
11203 2417
11401 2379
11748 2463
12278 2446
12488 2430
12911 2446
13383 2458
13666 2390
14230 2471
14413 2420
15068 2377
15311 2439
15320 2390
15851 2400
16443 2343
16801 2414
17628 2370
17975 2363
18134 2415
18183 2291
18715 2335
18806 2380
19676 2382
20011 2330
20276 2371
20898 2348
21085 2369
21305 2297
21724 2328
21909 2379
21945 2292
22494 2334
23039 2359
23593 2379
23684 2369
23801 2376
23810 2337
23865 2305
23928 2341
24681 2420
24854 2378
25294 2314
25636 2374
26006 2431
26065 2409
26201 2325
26415 2406
27542 2374
27596 2399
28326 2438
28409 2394
29017 2446
29310 2387
29513 2407
30188 2446
30689 2392
30831 2385
30866 2389
31050 2462
31150 2446
31317 2443
31893 2477
32267 2421
32434 2413
32769 2483
33079 2433
33284 2419
33288 2419
33429 2496
33933 2484
34229 2498
34497 2477
34668 2549
35034 2503
35712 2498
r 26 step 20 samples 100
1252 2551
1402 2554
2081 2594
2102 2507
2473 2585
3251 2583
3508 2558
4024 2646
4190 2606
4194 2606
4290 2578
4797 2595
5001 2519
5179 2511
5256 2534
5907 2477
6277 2563
6456 2492
6728 2468
7001 2517
7230 2521
7803 2537
8088 2519
8539 2538
9031 2508
9902 2503
10351 2520
10945 2494
11105 2487
11680 2460
12044 2476
12724 2417
13070 2533
13505 2466
13585 2437
14309 2419
14657 2455
15063 2432
16114 2442
16150 2407
16325 2407
16359 2387
16556 2386
16621 2416
16721 2377
17221 2426
17591 2402
18330 2410
18585 2403
18887 2372
19037 2415
19520 2386
19814 2405
19848 2405
20020 2343
20731 2349
21045 2391
21452 2346
21756 2383
21820 2383
21972 2361
22458 2396
23602 2394
23860 2383
23987 2407
24202 2343
24440 2340
24450 2340
24479 2343
24513 2376
24957 2418
26265 2421
26417 2427
26467 2340
26573 2419
27530 2363
27559 2476
28567 2459
28839 2450
29586 2414
29842 2430
30818 2404
30988 2394
31095 2511
31407 2484
31590 2470
31625 2470
31629 2470
32183 2509
32205 2493
32383 2478
32764 2512
32963 2468
33418 2513
33932 2511
34613 2541
34790 2591
35475 2611
35548 2519
35741 2564
r 27 step 20 samples 100
348 2587
380 2538
525 2594
898 2626
1022 2571
1114 2608
2917 2593
2931 2583
3338 2594
3509 2642
3982 2576
5076 2577
6083 2568
6131 2586
6801 2598
6814 2549
7726 2563
8565 2569
8738 2557
8755 2559
8761 2559
8786 2559
8789 2559
9072 2539
9277 2504
9467 2482
9801 2529
10297 2521
10999 2523
11379 2558
11452 2525
12775 2486
13144 2464
13262 2444
13746 2475
13947 2496
14012 2490
15210 2484
15665 2458
16055 2438
16822 2413
17177 2413
17439 2423
17916 2409
18132 2392
18430 2428
18434 2428
18605 2403
19203 2420
19263 2418
20325 2441
20345 2415
20762 2448
21537 2444
21685 2411
21731 2396
22119 2371
22725 2440
23344 2370
23698 2397
24108 2451
24251 2421
25099 2471
25711 2421
25866 2369
26186 2449
27030 2424
27331 2394
27476 2383
27487 2383
27706 2446
28401 2458
28423 2373
29179 2426
29328 2482
29504 2460
29740 2438
29744 2457
30676 2498
30927 2463
31375 2474
31393 2488
31826 2499
31889 2557
32019 2505
32580 2496
32770 2478
33791 2488
33986 2468
33991 2569
34072 2587
34151 2537
34207 2584
34243 2576
34273 2575
34297 2594
34327 2569
34467 2553
34582 2566
34673 2508
r 28 step 20 samples 100
1099 2639
1196 2629
1364 2639
1432 2647
1620 2584
1955 2639
2276 2655
3621 2620
4037 2605
4278 2622
4484 2620
4994 2649
4999 2644
5462 2579
7039 2581
7117 2604
7317 2575
7362 2594
7500 2575
7679 2547
8368 2524
8429 2514
9447 2575
9530 2561
9626 2557
9680 2584
9799 2596
9962 2549
10510 2540
10633 2534
10694 2550
11405 2527
11946 2570
12121 2539
12497 2529
13178 2546
13201 2497
13241 2528
13481 2537
14643 2485
14718 2505
15137 2505
15902 2487
15970 2525
16119 2463
16144 2441
16298 2454
16331 2398
18001 2460
18201 2431
18305 2456
18446 2441
18775 2422
19073 2413
20452 2441
20721 2436
20888 2438
21036 2419
21121 2398
21132 2416
21709 2429
22944 2437
22969 2436
23312 2454
23483 2407
23553 2441
24373 2439
24556 2376
25054 2445
25401 2466
25541 2456
25585 2444
25996 2437
26368 2423
26455 2420
26764 2465
27540 2493
27630 2473
27704 2456
28306 2476
28674 2499
28914 2487
29423 2540
29741 2523
30010 2551
30888 2577
31078 2529
31735 2504
31795 2515
32115 2592
32689 2516
33301 2517
33653 2576
34624 2602
34643 2575
34981 2575
35514 2575
35641 2651
35702 2591
35883 2591
r 29 step 20 samples 100
78 2592
90 2671
267 2547
514 2707
781 2619
2198 2674
2232 2639
2469 2677
3649 2649
3840 2611
3845 2650
5051 2640
5166 2654
5478 2639
6368 2648
6671 2661
6708 2663
7625 2631
8124 2627
8436 2610
8986 2633
9508 2595
10128 2616
10179 2582
10802 2618
11201 2607
11824 2574
12446 2553
12561 2575
12851 2612
13655 2549
14219 2507
14646 2497
14758 2523
14921 2466
15189 2524
15275 2518
16021 2471
16519 2481
16867 2518
17185 2516
17314 2492
17658 2510
18196 2474
18847 2488
18921 2465
19722 2456
20232 2436
20275 2420
20497 2447
21059 2448
21360 2462
21439 2486
22350 2477
22482 2453
22527 2450
22548 2464
22853 2459
23843 2500
23945 2427
24102 2460
24865 2483
24913 2500
24918 2470
25067 2478
25070 2478
25310 2508
26146 2478
26822 2480
26852 2461
27012 2404
27019 2404
27345 2542
27535 2523
27679 2477
27780 2544
27806 2461
28688 2548
28885 2497
29224 2549
29712 2526
29879 2484
30240 2575
30406 2532
30441 2512
30591 2469
30844 2505
31041 2593
32288 2532
32427 2611
32686 2624
33124 2621
33336 2580
33776 2588
33943 2596
34669 2629
35703 2585
35879 2538
35883 2538
35885 2595
r 30 step 20 samples 100
2 2643
96 2662
718 2703
1217 2673
1981 2700
2162 2703
2213 2667
2415 2687
3001 2689
3197 2604
4051 2643
5217 2695
5395 2658
5407 2635
5593 2645
5715 2626
5761 2614
5793 2648
6824 2686
7642 2649
7975 2655
8011 2641
8124 2653
8219 2620
8281 2622
8425 2679
9668 2625
10001 2661
10073 2637
11125 2593
11195 2599
11402 2620
12391 2625
12706 2600
12956 2570
13402 2565
13775 2566
14701 2534
15144 2558
15468 2541
15834 2557
15882 2515
16161 2505
16520 2541
16985 2527
18014 2520
18129 2494
18314 2496
18594 2477
19354 2483
19469 2517
20633 2485
20738 2507
20798 2485
21454 2468
21946 2500
22034 2487
23160 2503
23346 2462
23366 2462
23470 2484
23601 2477
23881 2496
24103 2482
24425 2502
25537 2517
26152 2505
26360 2494
26532 2505
26638 2485
26656 2518
26717 2463
26825 2485
26928 2531
28396 2520
28572 2473
28575 2473
28586 2531
28709 2580
28855 2565
28895 2536
28931 2556
29610 2598
30785 2611
30902 2585
31266 2612
31443 2614
31451 2617
31610 2588
31689 2594
32702 2574
33174 2624
33944 2581
34018 2660
34247 2660
34265 2624
34423 2565
34719 2627
35414 2680
35809 2677
r 31 step 20 samples 100
342 2694
550 2731
709 2669
1363 2749
1453 2724
1727 2701
1873 2647
1901 2690
3366 2718
3572 2741
3708 2703
3713 2694
4330 2734
4426 2684
4502 2690
4702 2645
5041 2679
6347 2716
6484 2721
7128 2707
7401 2679
7594 2650
7746 2572
7819 2669
9535 2644
9618 2635
9823 2647
10259 2655
10553 2640
10860 2645
11048 2601
11762 2638
12283 2640
12360 2641
13083 2646
13090 2602
13097 2602
13378 2599
14525 2619
15053 2578
15137 2577
15430 2575
16040 2556
16221 2499
16296 2540
16484 2504
16498 2504
17650 2522
18067 2527
18097 2530
18226 2477
18269 2542
18475 2467
18648 2530
18732 2546
20251 2540
20379 2521
20451 2533
20474 2502
20716 2535
20769 2516
21484 2506
21909 2473
22134 2440
22585 2521
23344 2528
23423 2487
23604 2505
23613 2432
23631 2437
23900 2502
24029 2506
24851 2530
25384 2510
25740 2522
26182 2542
26448 2532
26709 2537
26771 2534
27513 2551
28106 2560
28833 2592
28861 2611
28981 2596
29401 2586
29516 2583
30510 2627
31252 2634
31629 2637
31770 2602
31953 2585
32588 2616
32772 2573
33283 2682
33739 2707
34025 2689
34619 2672
34824 2675
34877 2688
35026 2647
r 32 step 20 samples 100
285 2721
646 2709
959 2766
1006 2707
1834 2760
2201 2737
2722 2769
2725 2750
3544 2751
4175 2720
4467 2742
4768 2749
5163 2716
5586 2709
6096 2696
6271 2639
6728 2701
6800 2751
7386 2746
7559 2670
7773 2694
8266 2730
8341 2688
8458 2664
8782 2654
9236 2700
10182 2663
10249 2654
10414 2622
10663 2673
10748 2670
11163 2666
11451 2646
12052 2659
12702 2657
12851 2636
13025 2638
13641 2631
13775 2605
13829 2588
14014 2603
14406 2602
14940 2586
15248 2604
15335 2598
15445 2605
15626 2553
16327 2599
16433 2584
17103 2558
17531 2580
17889 2561
18001 2558
18027 2561
19189 2534
19472 2540
19475 2540
19617 2473
19672 2536
19908 2541
20359 2554
20428 2555
20687 2548
21596 2542
22054 2529
22110 2528
22575 2533
23043 2533
23183 2547
23225 2476
23280 2471
24473 2522
24690 2523
24825 2533
25234 2549
25386 2556
25736 2552
26753 2564
27303 2540
27601 2579
28051 2573
28248 2548
28334 2605
28414 2503
29184 2647
29882 2612
30602 2639
30619 2621
30739 2643
31201 2629
32051 2621
32898 2630
33582 2682
33672 2637
33707 2693
34264 2689
34453 2644
35012 2694
35262 2668
35536 2725
r 33 step 20 samples 100
306 2756
483 2810
1255 2750
1634 2812
2855 2771
2954 2803
3138 2793
3596 2802
3901 2719
4860 2747
6162 2738
6250 2784
6262 2706
6294 2761
6317 2720
6338 2731
6353 2684
6906 2737
7505 2777
7764 2758
8659 2727
8829 2717
9052 2693
9421 2681
9704 2717
9973 2707
11172 2683
11663 2679
11784 2686
11790 2696
11906 2650
12373 2739
12672 2689
13765 2648
13952 2618
14273 2649
14279 2624
14487 2657
15292 2663
16155 2653
16170 2639
16907 2599
17051 2617
17101 2547
17166 2546
17253 2580
17753 2568
18259 2578
18433 2519
19121 2594
19488 2550
19598 2514
19801 2595
20346 2584
20935 2595
21551 2544
21592 2551
21857 2567
22471 2523
23005 2521
23122 2564
23179 2477
23331 2502
23868 2597
23906 2540
23925 2586
24038 2565
24373 2577
24957 2567
25122 2588
25126 2588
25134 2529
25658 2571
26325 2634
26576 2643
26704 2582
26824 2549
27231 2568
27430 2523
27447 2523
27613 2569
27655 2638
28193 2627
29533 2596
29634 2581
29703 2648
30460 2625
30596 2623
30760 2681
31959 2699
32652 2703
32683 2696
32878 2656
33036 2644
33451 2693
34056 2702
34942 2727
35110 2716
35340 2773
35436 2801
r 34 step 20 samples 100
350 2775
1190 2763
1417 2755
1433 2755
1513 2841
1734 2825
2106 2789
2325 2801
2922 2835
3055 2788
3752 2790
4339 2794
4733 2806
4934 2773
5582 2838
5875 2876
6056 2801
6335 2796
6993 2785
6997 2803
8407 2775
8644 2743
8851 2706
8876 2715
9808 2764
10103 2721
11314 2717
11508 2677
11682 2707
11730 2703
11826 2671
12698 2747
12903 2667
13601 2703
13628 2720
13882 2677
14017 2688
15341 2682
15380 2662
15514 2651
15517 2651
15587 2630
16419 2636
16492 2600
16851 2611
16915 2615
17224 2559
17617 2627
18484 2592
18876 2605
19042 2617
19117 2597
19382 2596
19997 2628
20158 2575
20162 2575
20189 2572
20254 2568
20934 2622
21496 2619
21888 2550
21900 2583
22111 2592
22228 2548
22328 2617
23728 2572
23903 2553
24089 2615
24237 2567
24270 2600
24546 2615
25090 2620
25240 2557
26356 2602
26562 2562
26678 2625
26911 2627
27160 2586
27634 2680
27819 2589
28931 2633
29001 2688
29215 2671
29479 2650
29505 2664
30157 2665
30753 2638
31708 2716
31826 2677
31929 2757
31988 2650
32024 2742
32368 2752
32423 2701
33279 2734
34079 2755
34708 2761
34803 2823
35061 2788
35482 2801
r 35 step 20 samples 100
301 2835
326 2789
1601 2842
1823 2848
1949 2858
2067 2851
2905 2851
3159 2862
4155 2803
4165 2871
4498 2834
4989 2813
5053 2847
5407 2828
5925 2823
6372 2784
6574 2772
6888 2827
7858 2808
7986 2746
8007 2802
8419 2805
8562 2797
9306 2772
9725 2795
9927 2742
10283 2773
11354 2745
11482 2704
11727 2719
11812 2782
12001 2748
13158 2717
13306 2682
13321 2682
13772 2710
13902 2692
13936 2680
14064 2691
14276 2716
14721 2718
14861 2678
15296 2674
16132 2695
16346 2691
16610 2668
16856 2641
16875 2641
16908 2646
17355 2701
17358 2667
17787 2635
17921 2621
18908 2639
19076 2607
19185 2565
19240 2620
19758 2637
20147 2633
20893 2604
21239 2640
21621 2609
21627 2631
22034 2623
22878 2619
23276 2626
23773 2637
24051 2628
24251 2571
24279 2667
24287 2623
24419 2605
25632 2613
25889 2625
26382 2658
26470 2678
26588 2612
27189 2633
27192 2600
27426 2612
27896 2652
28254 2667
28745 2724
29536 2660
29792 2702
29941 2702
30356 2745
30758 2746
31724 2720
32106 2753
32393 2765
32407 2785
32786 2736
33347 2728
33868 2740
34567 2790
35059 2793
35162 2805
35388 2829
36685 2835
r 36 step 20 samples 100
466 2841
1725 2901
2055 2842
2242 2854
2283 2855
2851 2811
3873 2873
4835 2876
5142 2872
5207 2829
5610 2831
5668 2839
5838 2849
6809 2842
7690 2870
8116 2787
8378 2795
8414 2873
8581 2813
8677 2818
10092 2790
10499 2775
10715 2801
10858 2786
11447 2768
11514 2785
11750 2731
12856 2792
13342 2758
13466 2734
13913 2726
14251 2716
14251 2727
14399 2748
14588 2695
15715 2737
16130 2697
16168 2689
16268 2662
16719 2680
17082 2657
17451 2642
17580 2622
18723 2680
18773 2684
18946 2672
18995 2617
19111 2628
19174 2624
19449 2645
19529 2647
19955 2653
21225 2638
21259 2628
21401 2643
21611 2660
21827 2665
22153 2625
22566 2644
22753 2593
22804 2581
23713 2620
23801 2671
23958 2634
24397 2618
24753 2602
24768 2626
25037 2617
25639 2636
26354 2669
26525 2665
27023 2662
27051 2679
27248 2669
27403 2644
27425 2644
27458 2633
27632 2652
27944 2674
28249 2709
28684 2677
29025 2738
29057 2733
29130 2708
29480 2729
29843 2741
30141 2747
31174 2755
31674 2798
32037 2743
32115 2825
32454 2788
32916 2765
33701 2844
33885 2796
35013 2850
35158 2816
35230 2813
35255 2787
35732 2859
r 37 step 20 samples 100
19 2886
240 2840
655 2859
1434 2872
1542 2939
1927 2907
2079 2895
2870 2885
2991 2871
3442 2921
4820 2877
4924 2876
5001 2859
5110 2876
5201 2856
6271 2867
6326 2866
6401 2888
6533 2829
7383 2920
7780 2849
7914 2859
8038 2805
8078 2882
8238 2806
8777 2854
9154 2824
9312 2739
9465 2837
10293 2837
10619 2826
11001 2772
11573 2816
11815 2790
11970 2737
12579 2769
13104 2772
13310 2745
13691 2781
13848 2732
14426 2763
14801 2705
14930 2743
14975 2692
15626 2733
15856 2720
16254 2712
16682 2715
17401 2708
17733 2673
18462 2698
18464 2679
19174 2653
19472 2693
19901 2664
20401 2693
20854 2653
21043 2684
21615 2660
21977 2687
22048 2667
22417 2670
22663 2629
23331 2658
23369 2668
23455 2678
23633 2624
23649 2619
24290 2677
24560 2675
24909 2653
25230 2621
25801 2689
26020 2680
26146 2653
26176 2674
27008 2708
27109 2693
27139 2663
27292 2708
28314 2730
28477 2745
28957 2728
29320 2757
29578 2764
29846 2773
29985 2785
30739 2817
31342 2759
31661 2806
31965 2831
32218 2822
32851 2768
33143 2797
33377 2873
34350 2842
34882 2837
35027 2828
35392 2832
35802 2875
r 38 step 20 samples 100
389 2900
523 2906
631 2931
2747 2930
3010 2892
3408 2931
3468 2912
3634 2868
3778 2883
4007 2885
5682 2934
6231 2912
6266 2936
6347 2906
6424 2922
6558 2922
7541 2854
7645 2812
7708 2761
8901 2851
8926 2874
9036 2812
9132 2845
9218 2853
9370 2851
9545 2782
10166 2855
10223 2846
11444 2805
11549 2861
11701 2829
11720 2810
11801 2810
13322 2784
13404 2773
13404 2817
13506 2770
14102 2780
14368 2781
14526 2731
14564 2773
14952 2738
15153 2761
16075 2761
16578 2712
16683 2744
16871 2714
17071 2718
17349 2761
17806 2736
18802 2689
18967 2709
19001 2663
19010 2663
19193 2707
19509 2720
19601 2699
19653 2687
19961 2711
20319 2705
20576 2692
21879 2693
21989 2682
22043 2666
22197 2638
22271 2675
22922 2686
22995 2703
23204 2640
24364 2693
24374 2709
24528 2698
24721 2666
24731 2666
24881 2695
25351 2720
25380 2710
26578 2709
26866 2738
27023 2731
27580 2737
28103 2751
28185 2734
28406 2678
28930 2763
29464 2814
29777 2764
30144 2787
30767 2821
31157 2757
31160 2826
32298 2848
32797 2836
32960 2862
33643 2893
33791 2879
33852 2839
35650 2918
35760 2900
35994 2890
r 39 step 20 samples 100
427 2985
779 2934
2215 2961
2555 2928
2743 2948
2869 2960
3601 2905
3611 2942
5129 2938
5677 2911
6062 2903
6153 2907
6176 2923
6254 2888
6264 2888
6410 2930
7446 2894
8408 2899
8576 2913
8669 2912
8764 2885
8840 2881
8988 2880
9050 2895
9183 2866
9801 2881
11105 2860
11123 2865
11723 2873
11748 2832
11797 2842
11902 2776
12246 2879
14033 2824
14057 2788
14251 2818
14304 2806
14469 2768
15143 2764
15524 2763
16539 2756
16832 2785
16942 2749
17113 2754
17239 2749
17702 2735
19103 2736
19661 2723
19755 2720
19969 2702
19979 2680
20007 2747
20085 2705
20209 2676
20258 2657
20262 2657
21251 2680
21909 2690
22177 2714
22206 2716
22307 2726
22333 2756
22543 2709
23616 2715
24375 2709
24910 2726
24977 2722
25040 2696
25127 2683
25159 2664
25187 2729
25364 2681
25384 2667
26258 2713
27022 2749
27300 2759
27562 2769
27562 2759
27580 2774
27637 2766
27845 2713
27848 2713
28948 2751
29703 2794
30051 2818
30154 2832
30164 2837
30370 2824
30438 2756
31515 2836
32439 2873
32675 2903
32982 2839
33140 2844
33583 2870
34380 2880
35437 2909
35653 2938
35840 2891
35970 2907
r 40 step 20 samples 100
21 2969
155 2971
193 2916
377 2974
1934 3006
2132 2978
2203 2944
2362 2971
3004 2985
3307 2951
3706 2973
3892 2944
4632 2978
4687 2980
5878 2943
6202 2942
6529 2952
6578 2982
6686 2920
7998 2928
8008 2940
8469 2943
9146 2915
9251 2933
9889 2865
10863 2899
10867 2903
10868 2908
11031 2839
11053 2852
11980 2865
12674 2820
12861 2870
13565 2860
13892 2836
14074 2810
14271 2779
14760 2814
14922 2789
15082 2817
16003 2764
16144 2784
16749 2768
16797 2769
16849 2743
17133 2773
18190 2742
18342 2707
18387 2706
18566 2778
18776 2767
18803 2769
19153 2752
19536 2768
19776 2717
19930 2753
20561 2731
21122 2744
21287 2732
21856 2761
22094 2727
22505 2719
23243 2747
23445 2709
23668 2733
24055 2749
24454 2726
24511 2743
24686 2714
24999 2738
25847 2749
26006 2754
26374 2754
26608 2752
26738 2792
27095 2781
27401 2764
27530 2724
27728 2762
28453 2787
28658 2831
28846 2809
29095 2794
29354 2829
29753 2850
30001 2782
30121 2805
30858 2867
31023 2860
31266 2862
31433 2879
32488 2923
32609 2895
33216 2868
33273 2915
33470 2939
33826 2892
34973 2934
35451 2943
35510 2955
r 41 step 20 samples 100
279 2977
1302 3000
1366 2994
1641 3037
2172 3014
2605 3050
3056 3000
3102 3017
3293 2973
4037 3051
4532 2969
5251 2993
5699 3034
5742 2966
5767 2969
6571 2967
7142 2945
7401 2973
8248 2976
8383 2887
8663 2952
8889 2893
8922 2942
9180 2984
9371 2942
10063 2926
11020 2912
11036 2911
11302 2858
11376 2888
11651 2889
11828 2916
13182 2879
13667 2882
13923 2863
13968 2844
13992 2869
14074 2806
14106 2854
14877 2849
15072 2812
15232 2818
15875 2851
16009 2845
16363 2836
16459 2799
16677 2819
17620 2812
17680 2809
18834 2762
19033 2788
19237 2762
19299 2749
19323 2741
19336 2748
19716 2768
19863 2720
20502 2745
20621 2773
20709 2757
20776 2722
21317 2762
21358 2765
21708 2743
21804 2756
21834 2766
22748 2735
23492 2750
23878 2770
23899 2778
24303 2768
24360 2774
24620 2753
25142 2775
25328 2746
26223 2788
26276 2768
26385 2799
26596 2802
26786 2807
27220 2803
27350 2806
28851 2813
29201 2827
29476 2845
29538 2817
29815 2888
30109 2865
31458 2901
32119 2927
32124 2881
32209 2918
32478 2923
33080 2906
34361 2934
35024 2976
35264 2937
35442 2932
35612 2961
35841 2959
r 42 step 20 samples 100
428 3002
833 3018
2195 3016
2507 3042
2817 3029
3386 3037
3443 3018
3828 3040
5300 2986
5583 2992
5969 2971
6680 3011
6841 2962
6994 2998
7019 2961
7115 2966
8113 2988
8447 2968
8601 2930
8914 2958
9062 2920
9279 2958
9506 2952
10238 2915
10393 2862
10955 2929
11015 2928
11423 2919
11451 2931
12548 2902
12568 2894
13591 2904
13718 2899
14299 2880
14487 2849
14567 2870
15259 2880
15302 2842
15370 2846
16380 2835
16517 2828
16550 2793
17090 2836
17551 2822
18094 2785
18212 2818
18863 2810
19110 2825
19295 2790
20291 2758
20664 2779
20809 2714
20872 2791
21159 2775
21535 2786
21732 2786
21903 2731
21918 2731
22661 2752
22746 2773
23373 2770
24043 2760
24077 2776
24413 2771
24901 2754
25068 2732
25071 2786
25489 2790
25634 2727
25686 2722
25985 2791
26050 2779
26103 2759
26230 2768
26460 2815
26564 2789
27715 2841
27811 2828
28106 2830
28223 2833
28573 2847
28584 2840
28813 2844
28818 2844
30123 2877
30331 2900
30373 2873
30385 2913
30712 2892
30920 2925
32603 2970
32661 2966
33083 2993
33265 2945
33312 2941
33351 3010
35299 3017
35523 2974
35908 3018
35976 2976
r 43 step 20 samples 100
459 3050
1698 3067
2475 3051
2482 3041
2600 3044
2684 3089
2738 3050
3377 3077
5145 3035
5352 3048
5381 3048
5830 3042
6283 3019
6296 3041
6511 3018
7702 3041
8482 3002
8607 2994
8655 3008
8720 3008
8751 2939
9261 3014
9394 2978
10573 2959
11285 2943
11333 2965
11392 2966
11853 2932
12183 2925
12322 2917
13263 2940
14151 2921
14173 2886
14289 2910
14347 2893
14754 2910
15202 2917
15356 2876
16082 2860
16625 2866
16822 2874
16891 2876
16930 2847
16937 2847
17324 2855
17412 2843
18140 2828
18872 2832
19081 2782
19446 2824
19541 2816
19851 2800
20132 2819
20607 2795
21198 2803
21483 2809
22030 2809
22153 2811
22246 2778
22480 2826
22715 2813
23440 2805
23853 2819
23954 2816
24208 2821
24296 2800
24446 2763
24995 2787
25220 2827
25308 2794
26478 2801
26533 2826
26640 2807
26656 2856
26749 2830
26826 2818
27406 2845
27702 2864
27791 2858
27897 2841
29014 2887
29104 2893
29280 2904
29503 2860
29903 2937
30246 2935
30408 2952
31340 2960
32049 2977
32128 2946
32309 2966
32701 2968
33379 2951
33382 2968
34066 3043
35059 3016
35095 3023
35288 3019
35660 3040
35882 2999
r 44 step 20 samples 100
212 3090
410 3024
619 3078
937 3079
1101 3087
2155 3019
2443 3132
3036 3087
3835 3071
4323 3080
4325 3060
4581 3056
4732 3034
6181 3094
6503 3051
6647 3067
6945 3078
7181 3063
7672 3027
9353 3023
9514 2957
9608 2979
9682 2993
9904 2990
10075 2965
10766 2997
10922 2950
11608 2964
11954 2967
12054 2957
12137 2947
12375 2962
12756 2985
12801 2974
13201 2977
14272 2926
14277 2960
14431 2891
14450 2891
14511 2889
14541 2880
14882 2916
15613 2896
15837 2885
16375 2890
16688 2874
16831 2855
17099 2857
17524 2866
17658 2795
18767 2836
18901 2844
18909 2779
18950 2791
19136 2820
19152 2795
19201 2822
19464 2845
19531 2863
19775 2831
21051 2808
21308 2816
21541 2830
22079 2842
22231 2835
22312 2823
22416 2817
23663 2837
23766 2819
24256 2845
24404 2834
24798 2823
25357 2821
25475 2800
25924 2835
25972 2834
26266 2833
27145 2818
27183 2877
27281 2858
27694 2868
28438 2910
28694 2895
28889 2841
28903 2841
28911 2897
29616 2961
29643 2920
30249 2974
30953 2965
31232 2980
31300 2934
32147 3024
32778 2952
33407 2979
34133 2991
34200 3003
34226 2991
35013 3060
35617 3058
r 45 step 20 samples 100
469 3086
712 3091
1421 3095
1751 3084
2287 3124
2690 3119
2700 3120
3553 3087
4717 3117
4801 3092
4852 3094
5548 3070
6098 3069
6129 3073
6198 3034
6226 2994
6265 3042
6487 3052
7481 3104
8071 3029
8487 3077
8608 3047
8939 3048
8942 3073
9019 3056
9084 3005
9201 3024
9581 3065
10905 3014
11025 3000
11612 2985
11679 2984
11857 3000
12601 2979
13754 2965
13889 2945
14017 2987
14112 2949
14155 2893
14159 2893
14173 2893
14533 2940
14614 2973
14685 2940
14741 2918
14752 2918
15835 2917
15986 2896
16554 2917
16768 2925
16954 2894
17415 2900
17562 2879
18576 2919
19699 2865
19707 2864
20054 2863
20401 2845
20430 2867
20481 2829
22004 2801
22277 2832
22357 2857
22566 2849
23144 2804
23303 2817
24256 2853
24661 2846
24792 2814
25051 2853
25091 2865
25270 2835
25330 2867
25507 2837
25904 2856
26725 2890
26890 2881
27181 2902
27759 2910
27788 2910
27917 2883
29050 2953
29313 2955
29732 2968
30174 2953
30445 2981
30671 2936
30763 2933
31753 3027
31886 3018
32051 3011
32386 3057
32818 3038
33098 3041
34545 3095
34818 3065
34970 3024
35203 3061
35747 3066
35882 3049
r 46 step 20 samples 100
337 3135
365 3147
823 3189
2555 3123
2564 3102
2859 3112
3636 3121
3772 3111
4711 3152
5148 3171
5673 3115
5878 3111
6794 3083
6819 3110
8356 3032
8411 3062
8477 3000
8922 3051
9039 3052
9346 3060
9699 3051
10488 3025
10642 3016
11208 3079
11647 3054
11850 3002
11879 2953
12023 3025
12168 3012
12274 3034
13754 2976
14197 2962
14280 2971
14529 2933
15088 2945
15181 2957
16361 2943
16527 2916
16971 2918
17237 2969
17272 2927
18050 2921
18069 2920
18753 2935
18941 2877
19546 2892
19998 2899
20346 2839
20820 2875
21201 2875
21933 2845
21978 2851
22051 2797
22065 2797
22372 2861
22606 2875
22633 2801
22820 2814
22843 2866
23092 2843
23536 2875
24135 2870
24137 2862
24514 2845
24695 2871
24806 2838
25562 2865
25907 2884
26117 2853
26266 2850
26348 2883
26465 2869
26621 2860
26640 2860
26672 2848
26972 2896
27086 2922
27229 2898
28020 2946
28031 2884
28162 2882
28251 2887
28273 2957
28834 2959
28901 2963
29474 2993
29986 2959
30576 3010
30832 3029
31420 3023
31480 3046
31684 2994
32543 3006
33035 3036
33702 3049
33982 3093
34153 3062
35104 3098
35142 3137
35605 3110
r 47 step 20 samples 100
631 3128
1808 3115
1866 3152
2389 3200
2513 3176
2775 3148
3727 3135
4715 3146
4817 3121
5570 3122
5574 3150
5601 3124
5661 3125
6903 3116
7067 3086
7534 3126
8466 3115
8607 3073
8718 3105
8856 3054
8938 3061
8967 3045
9051 3036
9074 3036
9175 3062
9455 3116
10696 3047
10833 3018
10874 2992
11086 3072
11164 3052
11318 3058
11715 3032
12384 3035
12748 2996
13470 3000
13910 3027
14345 3000
14477 2933
14495 2933
14548 2982
14601 2968
14604 2968
14613 2968
14630 2951
15031 2973
15441 3004
15780 2977
16835 2963
17075 2942
17377 2946
18319 2961
18401 2917
19952 2898
20160 2907
20573 2887
21342 2871
21597 2877
21711 2860
22693 2910
22711 2896
23152 2900
23618 2891
23955 2889
25369 2905
25602 2876
25770 2889
25783 2907
25875 2858
25934 2833
25988 2898
26214 2863
26542 2922
27451 2933
27546 2935
27823 2934
27857 2936
28081 2935
28902 2978
29840 3016
29978 3018
30035 3005
30040 3005
30267 3011
30334 3045
30368 3012
30383 3012
31424 3050
31855 3043
32204 3062
32239 3100
33001 3043
33223 3081
33926 3079
33953 3074
34118 3131
34848 3144
35571 3139
35715 3125
35980 3115
r 48 step 20 samples 100
266 3149
547 3159
1024 3178
1729 3160
2338 3171
2558 3164
3110 3193
3745 3151
3995 3179
4530 3194
5499 3154
5611 3122
5891 3148
5994 3109
6646 3152
6750 3139
7018 3163
7789 3131
8045 3101
8685 3126
9061 3110
10015 3088
10370 3081
10509 3101
10608 3129
10772 3097
11930 3071
12006 3035
12878 3043
13276 3039
13468 3035
13590 2997
13640 3007
13873 3014
14302 3013
14779 3023
15866 3004
16088 3004
16135 2999
16535 2984
16642 2952
16645 2952
16660 2952
16682 2968
16906 2976
18123 2934
19052 2951
19062 2921
19172 2937
19201 2942
19300 2930
19882 2921
20738 2938
21813 2919
22082 2928
22084 2912
22201 2861
22297 2905
22353 2903
22434 2873
22920 2901
23842 2884
23954 2849
24353 2914
24422 2894
24606 2917
24748 2927
25010 2927
25167 2880
25677 2903
26190 2928
26628 2928
26716 2927
26781 2934
26888 2948
27139 2957
27322 2933
27343 2963
27456 2948
27575 2972
27983 2958
28169 2968
28837 3012
29090 2950
29427 3012
29436 3021
29466 3022
30427 3036
30554 3039
31533 3062
31838 3092
32349 3058
32443 3076
33221 3104
33324 3105
34363 3171
34448 3129
34669 3082
35054 3163
35085 3150
r 49 step 20 samples 100
545 3226
1186 3176
1956 3177
2225 3191
2753 3191
3172 3190
4158 3206
4190 3188
4976 3185
5179 3195
5823 3179
6531 3153
7361 3150
7508 3103
7693 3138
7795 3124
7985 3140
8563 3122
8701 3033
9001 3112
9539 3137
9801 3113
10587 3154
10686 3096
11038 3098
11292 3110
11373 3116
11379 3092
11474 3090
12540 3053
12702 3075
13601 3060
13803 3048
13844 3014
13895 3027
14218 3039
15152 3025
15614 3028
15749 2981
16001 3016
16837 3002
16942 2962
16991 3007
17097 3004
17210 2961
18188 2965
18296 2999
18867 2960
19597 2959
19988 2944
20201 2945
20743 2955
21547 2941
21601 2924
22651 2905
22801 2885
22918 2926
23082 2893
23117 2931
23246 2888
23376 2951
24089 2952
24351 2934
24616 2917
25270 2935
25484 2923
25967 2944
26556 2944
26736 2930
26814 2958
26827 2948
27651 2994
27739 2979
27789 2997
27913 2989
28299 2981
28344 3002
29226 3024
29874 3027
29930 3049
30002 3005
30156 3009
30261 3088
30401 3076
30501 3049
31696 3092
31798 3085
31811 3085
31842 3076
31903 3127
32601 3130
32645 3119
33270 3106
33663 3147
33917 3112
34037 3154
34855 3156
35088 3204
35754 3142
36060 3187
r 50 step 20 samples 100
134 3232
355 3188
1181 3221
1851 3198
2601 3221
2907 3220
3728 3200
3926 3230
4783 3231
4986 3215
6531 3172
6557 3193
6995 3188
7143 3147
7339 3165
7990 3168
8136 3120
8336 3160
8445 3115
9667 3171
9769 3122
9957 3067
10076 3182
10114 3125
10753 3130
11263 3137
12103 3058
12446 3060
12933 3090
13116 3091
13363 3090
13482 3054
13607 3020
13899 3067
14001 3044
14076 3050
14152 3039
14373 3044
15754 3033
15922 2998
16441 3007
16457 3014
16503 3024
16712 3030
16972 3038
18337 3007
19172 3016
19281 2988
19312 3009
20012 2949
20195 2945
21195 2953
22303 2943
22336 2936
22404 2901
22497 2931
22620 2902
22890 2961
23088 2973
23518 2937
24718 2958
24875 2959
24929 2977
25239 2956
25635 2971
25643 2971
25869 2944
26429 2979
26892 2987
27129 2978
27285 3015
27427 3002
27462 3003
27517 2977
27765 3003
27893 2988
28486 3027
28651 3041
28720 2986
29104 3050
29192 3026
29435 3030
29592 3073
29879 3062
30102 3077
30201 3070
30259 3065
31049 3113
31096 3092
31466 3093
32074 3151
32256 3153
32531 3142
32972 3168
33600 3194
33635 3173
34312 3165
34602 3184
34861 3191
35046 3212
r 51 step 20 samples 100
417 3224
1236 3248
1623 3250
1698 3196
2051 3252
2461 3248
3297 3255
4087 3268
5064 3229
5454 3223
5651 3229
6416 3195
6491 3214
6639 3189
7595 3196
7738 3169
8251 3174
8403 3102
8876 3162
8945 3158
8948 3202
9601 3172
9726 3129
9803 3115
10198 3198
10498 3130
11845 3148
11995 3139
12089 3103
12309 3118
13175 3102
13492 3073
14269 3106
14278 3083
14880 3067
15473 3069
15531 3086
15671 3037
15755 3031
16339 3077
16464 3052
16796 3026
17088 3018
17191 2987
17206 2987
17507 2991
17801 3031
18250 3020
18830 3001
19302 2978
19699 2988
19981 3013
20718 2997
21337 3000
21392 3006
22009 3001
22529 2975
22663 2930
22877 2947
22884 2947
23679 2974
23824 2935
24095 2971
24160 2978
24717 2972
24820 2968
24945 2972
25910 2979
26616 3000
26768 3013
26909 2988
27101 3011
27226 3020
27271 3019
27412 2994
28143 3044
28276 3037
28555 3053
28621 3031
28852 3055
29036 3098
29101 3055
29128 3048
30078 3079
30208 3088
30310 3073
31182 3147
31230 3133
31303 3139
31377 3140
31621 3135
31647 3135
31961 3140
32152 3167
33553 3207
33863 3228
33921 3209
34388 3239
34880 3207
35307 3192
r 52 step 20 samples 100
51 3281
206 3251
295 3255
312 3255
316 3254
1229 3269
2084 3256
2241 3261
2720 3290
2878 3274
3699 3255
4020 3261
5179 3261
5759 3233
6522 3230
6801 3192
6845 3230
6982 3201
7677 3211
8380 3199
8748 3204
9493 3195
9695 3169
9875 3146
9887 3197
10663 3168
10902 3185
11608 3162
12651 3148
12806 3144
12886 3149
13643 3119
13951 3103
14050 3085
14723 3105
14845 3077
14943 3070
15276 3115
15717 3082
16181 3043
16262 3014
16311 2972
16497 3090
16754 3062
17515 3047
18510 3030
18651 3005
18817 3010
19601 3008
19811 3014
19822 2968
20668 3016
20945 3038
20959 3037
21242 3011
22560 3027
22610 2996
22672 3000
23406 3012
23961 2985
23973 2987
24002 2963
24222 2939
24902 3004
25246 3005
25853 3020
25991 2989
26221 3001
26429 3009
27500 3051
27964 3034
28043 3033
28094 3012
28301 3066
28303 3086
28426 3042
28436 3079
28801 3079
29583 3073
29601 3109
29674 3123
29995 3094
30369 3109
31562 3135
31564 3168
31603 3125
31636 3130
31850 3147
31856 3147
31908 3090
32040 3199
32046 3199
32220 3188
32946 3188
33077 3212
33519 3194
34756 3227
34805 3230
34970 3224
35278 3228
r 53 step 20 samples 100
725 3274
892 3264
1074 3237
1108 3245
1518 3288
1926 3320
2131 3286
2660 3276
3359 3300
4605 3271
5225 3262
5784 3265
5816 3263
5912 3265
6491 3239
6628 3225
8237 3201
8564 3225
8727 3149
8744 3209
8761 3156
8831 3213
8971 3168
9051 3200
9133 3190
9167 3216
9183 3170
11025 3204
11149 3177
11259 3198
11337 3205
11429 3190
11739 3178
12628 3158
12753 3091
13731 3144
14146 3155
14238 3128
14361 3153
14415 3108
14707 3124
15257 3126
16921 3099
16953 3087
17001 3068
17051 3085
17253 3096
17345 3062
17357 3057
17620 3016
17661 3067
18617 3056
19574 3073
19878 3046
19891 3062
20069 3050
20252 3005
20961 3009
21834 3004
22625 3023
22821 3032
22827 3015
22971 2962
23553 3039
24142 3018
25069 3007
25107 3039
25124 3049
26413 3029
26487 3054
26628 3036
26652 3016
27128 3055
27258 3052
27357 3086
27442 3068
27538 3073
28670 3105
28831 3085
28862 3100
29392 3120
29736 3142
30267 3146
30409 3120
30567 3099
30601 3099
30625 3104
31190 3205
31425 3176
31482 3217
31673 3208
31947 3194
32055 3189
32336 3215
33080 3237
33836 3249
34016 3249
34085 3289
34807 3242
35426 3262
r 54 step 20 samples 100
588 3318
1820 3350
1948 3314
2404 3281
2650 3320
3660 3325
4302 3296
5236 3308
5711 3291
5741 3294
6567 3262
7418 3270
7491 3227
8243 3245
8757 3264
8817 3228
9513 3253
9914 3209
10320 3254
10882 3212
11813 3178
11992 3193
12423 3211
12428 3211
12718 3188
13432 3157
13837 3165
14471 3195
14554 3183
14591 3160
14605 3154
15402 3116
15679 3126
15939 3039
16431 3128
16437 3125
16509 3109
16515 3109
16548 3073
17601 3059
17844 3069
18301 3090
18384 3074
18401 3080
18436 3040
18514 3049
19238 3070
19272 3062
20289 3082
20494 3033
20555 3067
20832 3049
21269 3078
21342 3065
21492 3030
21785 3061
22352 3060
22822 3033
23765 3026
23906 3039
24003 3053
24483 3019
24527 3063
24703 3011
24726 2987
25085 3062
25344 3046
25509 3000
25579 3029
26033 3038
26653 3074
26703 3051
26861 3078
26969 3057
26986 3057
27262 3065
27900 3110
28130 3094
28365 3088
29063 3126
29280 3129
29282 3146
29580 3112
29591 3139
30071 3141
30572 3196
31068 3189
31336 3180
31531 3234
31991 3209
32469 3246
32554 3231
33001 3230
33321 3262
33748 3241
34296 3275
34970 3297
35069 3269
35205 3283
35916 3277
r 55 step 20 samples 100
629 3317
1111 3323
2078 3302
2205 3323
2427 3342
3308 3331
3969 3316
4401 3314
4615 3322
4718 3302
5517 3285
5850 3292
6625 3309
6753 3270
6948 3280
7431 3260
7527 3236
7702 3268
8339 3287
8348 3298
8465 3261
9451 3264
9856 3238
10142 3226
10312 3247
10367 3185
11045 3242
11236 3237
12381 3229
12503 3203
12704 3210
13451 3185
13678 3144
14277 3164
14428 3151
15377 3157
15666 3122
15719 3158
15761 3094
15853 3087
16538 3112
16615 3090
17066 3144
17247 3138
18142 3097
18500 3085
18888 3095
19106 3084
20152 3072
20251 3083
20831 3078
20924 3094
22077 3076
22079 3036
23041 3050
23172 3015
23417 3059
23504 3041
23775 3068
23779 3046
23934 3068
23944 3025
24364 3044
24841 3058
25699 3069
26013 3073
26063 3094
26389 3067
26777 3109
26925 3060
27560 3113
27779 3080
27813 3096
27974 3129
28011 3119
28146 3088
28521 3157
29347 3158
29636 3160
29676 3137
29679 3158
29825 3107
29844 3107
30208 3208
31061 3218
31219 3199
31230 3218
31277 3199
31302 3220
31373 3188
31883 3251
32021 3259
32699 3253
33006 3266
33624 3290
34209 3281
34668 3317
34801 3284
34950 3298
35856 3318
r 56 step 20 samples 100
1301 3332
1851 3345
2551 3320
2597 3338
2774 3316
2859 3360
3170 3298
3309 3287
4512 3345
4805 3306
5347 3360
5394 3334
5518 3325
6026 3313
6256 3255
6691 3301
7151 3328
8083 3332
8754 3289
8979 3261
9559 3301
9681 3293
10370 3246
10585 3198
11412 3254
11648 3226
12189 3240
12288 3212
12331 3198
12891 3216
12938 3240
13083 3232
14571 3197
14780 3175
14918 3146
15139 3185
15869 3160
15973 3148
16309 3158
17455 3131
17487 3148
18565 3114
18685 3125
18734 3121
19240 3128
19478 3070
20686 3071
20721 3098
20929 3039
20952 3039
20964 3061
21451 3105
21494 3116
21588 3094
21715 3085
21751 3105
22046 3087
23008 3068
23271 3109
23787 3078
24250 3085
24327 3090
24579 3076
24701 3053
24718 3084
24781 3053
25923 3107
25936 3079
26137 3098
26450 3079
26489 3087
26910 3113
27620 3104
27792 3137
28040 3136
28150 3117
28567 3151
28709 3159
29141 3176
29674 3187
29716 3186
29921 3209
30512 3195
30735 3205
30755 3231
30857 3186
31601 3221
31605 3266
31936 3266
32350 3289
32752 3296
33024 3297
33589 3268
34281 3320
34451 3318
34462 3344
34697 3315
35271 3358
35427 3307
35957 3354
r 57 step 20 samples 100
543 3335
1034 3361
1097 3371
1283 3394
2318 3335
2502 3367
2512 3321
2701 3377
3601 3350
4505 3346
4543 3348
5219 3350
6401 3327
6451 3295
6882 3309
7658 3306
7970 3325
8568 3301
9227 3311
9541 3309
9569 3298
10051 3271
11448 3266
11602 3254
12110 3238
12685 3249
12818 3242
12952 3210
14663 3192
14764 3167
14901 3148
15030 3187
15080 3215
15102 3168
15132 3151
15577 3182
15896 3183
15913 3160
15988 3166
16007 3166
16029 3129
17324 3185
17870 3153
18101 3117
18475 3145
18741 3153
18747 3141
20779 3106
20903 3150
20937 3119
21035 3075
21319 3125
21498 3140
21874 3114
23425 3124
23666 3129
23690 3092
24154 3101
24382 3112
24721 3084
26178 3108
26188 3126
26289 3109
26297 3082
26323 3110
26329 3048
26591 3127
26670 3102
26803 3095
26852 3052
27051 3145
27871 3143
28201 3146
28451 3174
28574 3154
28641 3152
28664 3152
28768 3156
29364 3207
29395 3191
30258 3192
30372 3220
30505 3209
30508 3238
30577 3234
30992 3254
31046 3277
31732 3272
31986 3291
32283 3276
32805 3309
32861 3315
33451 3318
33535 3343
34201 3330
34629 3356
34812 3329
34835 3344
35166 3370
36079 3329
r 58 step 20 samples 100
493 3376
531 3379
679 3413
698 3358
704 3390
1693 3366
3281 3377
3703 3392
4523 3379
4717 3381
4789 3359
5290 3362
6554 3358
6683 3327
7383 3311
7972 3327
8048 3312
8106 3300
8172 3285
8351 3264
8755 3313
9410 3295
10462 3338
10696 3314
10801 3296
10838 3318
10882 3313
11017 3288
11019 3300
11038 3261
11117 3265
11236 3282
12003 3279
12192 3237
12214 3237
12470 3250
13717 3243
13732 3238
13776 3224
14001 3225
14101 3198
14220 3189
15004 3201
15145 3228
16548 3233
16659 3193
16749 3189
16826 3186
17006 3142
17210 3179
18103 3172
18419 3148
19313 3171
19401 3140
19455 3186
20051 3139
21055 3147
21304 3133
22338 3110
22451 3083
22774 3125
23099 3134
24162 3130
24297 3119
24365 3078
24504 3081
24578 3098
25085 3147
25690 3139
26143 3118
26532 3136
26543 3125
26654 3129
27531 3193
27643 3165
27731 3116
27930 3166
28013 3164
28226 3183
28328 3173
29302 3229
29362 3212
29460 3205
29460 3208
30051 3245
30155 3227
30355 3261
30444 3238
31319 3277
31624 3279
32082 3268
32927 3361
32960 3311
33905 3350
34177 3350
34432 3349
34601 3351
34601 3345
34703 3351
35727 3392
r 59 step 20 samples 100
515 3379
1191 3445
1638 3401
2179 3411
2857 3411
3457 3400
3506 3415
3845 3378
4927 3414
5465 3361
5670 3378
5764 3355
6554 3371
6780 3385
6923 3334
7053 3339
7990 3372
8505 3326
8661 3343
8783 3247
9660 3337
9700 3374
9729 3308
9913 3326
10741 3312
11219 3285
11335 3321
12374 3297
12866 3270
12954 3260
13047 3202
13511 3251
13932 3292
13970 3267
15390 3220
15651 3223
15898 3242
15922 3236
16783 3213
16885 3201
16901 3180
16930 3179
17248 3199
18131 3205
18543 3192
18741 3161
19019 3162
19387 3188
19752 3190
19893 3166
20049 3155
20152 3152
20322 3155
21171 3154
21384 3173
21637 3129
21800 3148
21932 3180
22473 3155
22636 3142
22666 3138
23677 3167
24201 3130
24318 3169
24650 3138
25172 3153
25182 3165
25353 3139
25374 3139
25601 3124
26111 3195
26619 3158
27025 3175
27233 3132
27256 3132
27345 3173
27451 3201
27994 3179
28191 3149
28484 3251
28974 3209
29087 3251
29129 3201
29953 3262
30183 3259
30894 3279
31065 3276
31310 3306
31722 3323
32478 3341
32785 3314
32975 3350
33043 3312
33955 3383
34636 3352
34828 3350
35055 3398
35228 3373
35529 3361
36124 3381
r 60 step 20 samples 100
39 3429
716 3395
723 3384
943 3429
1846 3396
1970 3404
3815 3420
4186 3409
4247 3401
4412 3373
4416 3373
4941 3381
4953 3399
5169 3358
5508 3399
5586 3386
6766 3416
7170 3362
7332 3370
7616 3365
8305 3376
8430 3355
8559 3331
10102 3317
10203 3340
10215 3350
10415 3302
10417 3279
10760 3327
11047 3302
11093 3270
11157 3327
11495 3317
12806 3287
12844 3298
12856 3318
13204 3309
14405 3277
14641 3256
15650 3243
15696 3233
15890 3236
16585 3238
17293 3204
17362 3241
18479 3215
18504 3236
18766 3210
19881 3196
20240 3189
20466 3134
20650 3174
20917 3175
21539 3182
21756 3156
21793 3146
22016 3157
22532 3178
22822 3159
23156 3183
23393 3165
23782 3150
24368 3177
24597 3179
25141 3174
25317 3179
25457 3173
25771 3155
25876 3176
26140 3175
26753 3189
27207 3201
27401 3192
27436 3194
28139 3204
28340 3223
29082 3259
29149 3230
29243 3247
29323 3244
30143 3280
30457 3290
30471 3290
30479 3298
30626 3293
30677 3294
30697 3294
30853 3316
31067 3313
31067 3301
31152 3316
32197 3337
32352 3350
33305 3383
33508 3410
33534 3383
33535 3383
33623 3398
34762 3415
35027 3408
r 61 step 20 samples 100
447 3463
550 3428
755 3419
963 3429
1009 3414
2832 3420
3729 3419
4069 3443
4151 3428
4590 3420
4595 3436
5565 3459
6757 3403
7401 3382
7702 3396
7703 3397
7987 3379
8791 3381
9617 3356
9973 3361
10354 3347
10657 3352
11185 3339
11798 3332
12056 3314
12681 3328
12750 3303
12803 3261
13074 3303
13107 3303
13159 3266
13549 3309
13851 3266
13996 3283
14317 3301
14743 3279
15158 3287
15160 3258
16333 3251
16368 3256
17320 3212
17610 3251
17905 3230
18053 3235
18430 3230
19327 3228
19401 3212
19814 3204
20236 3228
21012 3188
21335 3191
22223 3193
22356 3179
22774 3153
23522 3192
23539 3210
23796 3188
24152 3162
24189 3185
24778 3163
25148 3178
25174 3188
25902 3204
26188 3212
26762 3201
26806 3205
27016 3198
27037 3198
27358 3207
27532 3211
27917 3229
27942 3219
28303 3262
28307 3262
28434 3221
28462 3258
28579 3242
28586 3242
28905 3270
29488 3280
29562 3291
29681 3273
29685 3273
29819 3277
29902 3304
29952 3283
30183 3288
30663 3329
31166 3338
31303 3351
31437 3327
31953 3355
32101 3350
32253 3384
33478 3383
33658 3418
33910 3386
33980 3404
34095 3413
35593 3398
r 62 step 20 samples 100
156 3436
471 3447
545 3477
1555 3425
3081 3464
3354 3459
3412 3439
4025 3462
4184 3494
4302 3445
6522 3424
6750 3413
6916 3403
7612 3416
7809 3383
7847 3417
8080 3357
9297 3395
9324 3388
10083 3369
10356 3321
10650 3403
10809 3381
11122 3353
11156 3362
12191 3351
12399 3350
12716 3313
13701 3297
14027 3310
14566 3307
14676 3276
14948 3292
15412 3266
15592 3300
16524 3273
16986 3258
17462 3255
17861 3253
18288 3249
18769 3219
19135 3255
19801 3242
20603 3215
20764 3210
21015 3199
21137 3220
21636 3217
22296 3204
22769 3213
23189 3211
23446 3207
23640 3166
24087 3185
24218 3201
24618 3221
25094 3215
25445 3192
25675 3202
25904 3220
26066 3212
26177 3157
26243 3177
26283 3205
26777 3223
27061 3230
27065 3230
27078 3266
27119 3260
27251 3227
27873 3249
28058 3252
28065 3263
28155 3249
28379 3259
28418 3230
28482 3267
28528 3253
28805 3267
29271 3308
29990 3298
30202 3303
30264 3278
30301 3346
30334 3320
30546 3355
30573 3335
31243 3354
31698 3368
31874 3367
32235 3373
32303 3385
32715 3408
32828 3412
33328 3390
33354 3403
34051 3408
34536 3442
35438 3451
36005 3469
r 63 step 20 samples 100
607 3449
750 3443
910 3482
1103 3502
2863 3466
4001 3440
4354 3455
4744 3445
4988 3457
6203 3443
7210 3413
7491 3385
7668 3432
8034 3410
8156 3387
8265 3403
8501 3431
9494 3379
10587 3385
11147 3387
11183 3384
11351 3360
11480 3337
12427 3351
13757 3333
13957 3330
14302 3322
14338 3304
14419 3292
14597 3276
15368 3303
16576 3282
16922 3301
17001 3262
17006 3309
18606 3262
19501 3245
19639 3264
19854 3214
19999 3247
20204 3210
20253 3200
20279 3185
20364 3245
20509 3201
21612 3220
22298 3229
22450 3231
22487 3193
23013 3243
23016 3243
23112 3221
23154 3183
24457 3227
24654 3173
24662 3193
24673 3173
24929 3234
24987 3247
25027 3222
25037 3222
25051 3220
25197 3209
25202 3214
26128 3239
26148 3240
26201 3234
26677 3230
26698 3234
26813 3228
26824 3228
26849 3210
27102 3256
27159 3251
27220 3252
27312 3270
27424 3259
27801 3244
27825 3271
28677 3275
28817 3282
28847 3302
29162 3312
29271 3313
29281 3313
29530 3308
29837 3307
29957 3349
30608 3344
31082 3364
31275 3388
31741 3388
32036 3386
32357 3379
32588 3420
33525 3451
34028 3444
34193 3419
34505 3449
35821 3454
r 64 step 20 samples 100
1280 3476
2350 3508
2351 3478
2355 3478
2605 3438
2642 3446
3037 3496
3098 3485
3320 3487
4970 3474
5159 3490
5552 3447
6449 3461
6871 3430
8307 3454
8518 3396
8587 3413
8711 3394
9885 3422
9975 3425
10122 3358
11201 3409
11323 3378
11538 3403
12037 3387
12676 3352
13154 3340
14125 3325
14126 3347
14327 3316
14738 3316
15583 3333
15901 3339
16718 3309
17201 3298
17667 3307
18733 3280
18989 3267
19845 3273
19888 3267
20102 3235
20135 3210
20215 3212
20657 3262
21958 3258
22028 3251
22092 3237
22182 3196
22386 3259
22833 3244
23047 3209
23732 3248
24284 3251
24304 3240
25110 3275
25182 3239
25218 3272
25303 3265
25309 3259
25324 3181
25327 3259
26138 3256
26678 3268
26806 3263
27136 3250
27293 3294
27474 3267
27902 3305
28125 3258
28275 3288
28392 3291
28726 3312
28747 3322
29015 3323
29201 3332
30111 3321
30211 3359
30394 3355
30401 3378
30888 3382
31104 3388
31314 3393
31749 3370
31858 3342
31872 3342
31901 3345
32274 3404
32631 3426
32826 3443
32969 3431
33046 3435
33162 3418
33191 3395
33847 3422
33881 3479
35419 3465
35442 3491
35525 3499
35611 3460
35794 3458
